- Simplified Gait Data Grouped by 5-State Phase

--- Phase 1 (Initial Contact + Loading Response) (Indices: 0 to 25) ---
Hip Left: [-0.4457, -0.4467, -0.4467, -0.4461, -0.4452, -0.4442, -0.4416, -0.4384, -0.4351, -0.4317, -0.4279, -0.4230, -0.4170, -0.4097, -0.4012, -0.3918, -0.3822, -0.3727, -0.3629, -0.3532, -0.3438, -0.3344, -0.3255, -0.3172, -0.3101, -0.3049]
Knee Left: [-0.3011, -0.3086, -0.3234, -0.3309, -0.3456, -0.3619, -0.3753, -0.3907, -0.4053, -0.4192, -0.4323, -0.4452, -0.4573, -0.4688, -0.4795, -0.4891, -0.4984, -0.5065, -0.5135, -0.5195, -0.5239, -0.5280, -0.5310, -0.5330, -0.5342, -0.5345]
Hip Right: [0.4457, 0.4467, 0.4467, 0.4461, 0.4452, 0.4442, 0.4416, 0.4384, 0.4351, 0.4317, 0.4279, 0.4230, 0.4170, 0.4097, 0.4012, 0.3918, 0.3822, 0.3727, 0.3629, 0.3532, 0.3438, 0.3344, 0.3255, 0.3172, 0.3101, 0.3049]
Knee Right: [0.3011, 0.3086, 0.3234, 0.3309, 0.3456, 0.3619, 0.3753, 0.3907, 0.4053, 0.4192, 0.4323, 0.4452, 0.4573, 0.4688, 0.4795, 0.4891, 0.4984, 0.5065, 0.5135, 0.5195, 0.5239, 0.5280, 0.5310, 0.5330, 0.5342, 0.5345]

--- Phase 2 (Mid Stance) (Indices: 26 to 66) ---
Hip Left: [-0.3005, -0.2970, -0.2934, -0.2898, -0.2868, -0.2843, -0.2825, -0.2818, -0.2820, -0.2831, -0.2853, -0.2882, -0.2917, -0.2961, -0.3013, -0.3069, -0.3129, -0.3190, -0.3255, -0.3315, -0.3377, -0.3440, -0.3503, -0.3564, -0.3621, -0.3671, -0.3712, -0.3746, -0.3776, -0.3807, -0.3838, -0.3872, -0.3908, -0.3948, -0.3990, -0.4035, -0.4086, -0.4139, -0.4192, -0.4243, -0.4290]
Knee Left: [-0.5346, -0.5334, -0.5319, -0.5302, -0.5282, -0.5263, -0.5246, -0.5234, -0.5226, -0.5224, -0.5225, -0.5233, -0.5243, -0.5259, -0.5278, -0.5301, -0.5327, -0.5355, -0.5386, -0.5416, -0.5445, -0.5472, -0.5496, -0.5516, -0.5532, -0.5544, -0.5552, -0.5556, -0.5560, -0.5562, -0.5565, -0.5570, -0.5578, -0.5588, -0.5601, -0.5617, -0.5636, -0.5657, -0.5681, -0.5705, -0.5729]
Hip Right: [0.3005, 0.2970, 0.2934, 0.2898, 0.2868, 0.2843, 0.2825, 0.2818, 0.2820, 0.2831, 0.2853, 0.2882, 0.2917, 0.2961, 0.3013, 0.3069, 0.3129, 0.3190, 0.3255, 0.3315, 0.3377, 0.3440, 0.3503, 0.3564, 0.3621, 0.3671, 0.3712, 0.3746, 0.3776, 0.3807, 0.3838, 0.3872, 0.3908, 0.3948, 0.3990, 0.4035, 0.4086, 0.4139, 0.4192, 0.4243, 0.4290]
Knee Right: [0.5346, 0.5334, 0.5319, 0.5302, 0.5282, 0.5263, 0.5246, 0.5234, 0.5226, 0.5224, 0.5225, 0.5233, 0.5243, 0.5259, 0.5278, 0.5301, 0.5327, 0.5355, 0.5386, 0.5416, 0.5445, 0.5472, 0.5496, 0.5516, 0.5532, 0.5544, 0.5552, 0.5556, 0.5560, 0.5562, 0.5565, 0.5570, 0.5578, 0.5588, 0.5601, 0.5617, 0.5636, 0.5657, 0.5681, 0.5705, 0.5729]

--- Phase 3 (Terminal Stance) (Indices: 67 to 109) ---
Hip Left: [-0.4332, -0.4371, -0.4414, -0.4455, -0.4497, -0.4540, -0.4580, -0.4623, -0.4665, -0.4705, -0.4746, -0.4788, -0.4831, -0.4870, -0.4908, -0.4947, -0.4984, -0.5020, -0.5057, -0.5090, -0.5126, -0.5160, -0.5192, -0.5227, -0.5260, -0.5292, -0.5323, -0.5351, -0.5376, -0.5401, -0.5422, -0.5442, -0.5460, -0.5473, -0.5484, -0.5492, -0.5498, -0.5501, -0.5504, -0.5505, -0.5504, -0.5502, -0.5500]
Knee Left: [-0.5752, -0.5772, -0.5788, -0.5801, -0.5810, -0.5815, -0.5820, -0.5825, -0.5829, -0.5834, -0.5839, -0.5847, -0.5857, -0.5870, -0.5885, -0.5905, -0.5927, -0.5952, -0.5978, -0.6008, -0.6038, -0.6069, -0.6099, -0.6128, -0.6155, -0.6180, -0.6201, -0.6220, -0.6236, -0.6247, -0.6256, -0.6262, -0.6266, -0.6269, -0.6270, -0.6269, -0.6268, -0.6265, -0.6261, -0.6256, -0.6251, -0.6245, -0.6239]
Hip Right: [0.4332, 0.4371, 0.4414, 0.4455, 0.4497, 0.4540, 0.4580, 0.4623, 0.4665, 0.4705, 0.4746, 0.4788, 0.4831, 0.4870, 0.4908, 0.4947, 0.4984, 0.5020, 0.5057, 0.5090, 0.5126, 0.5160, 0.5192, 0.5227, 0.5260, 0.5292, 0.5323, 0.5351, 0.5376, 0.5401, 0.5422, 0.5442, 0.5460, 0.5473, 0.5484, 0.5492, 0.5498, 0.5501, 0.5504, 0.5505, 0.5504, 0.5502, 0.5500]
Knee Right: [0.5752, 0.5772, 0.5788, 0.5801, 0.5810, 0.5815, 0.5820, 0.5825, 0.5829, 0.5834, 0.5839, 0.5847, 0.5857, 0.5870, 0.5885, 0.5905, 0.5927, 0.5952, 0.5978, 0.6008, 0.6038, 0.6069, 0.6099, 0.6128, 0.6155, 0.6180, 0.6201, 0.6220, 0.6236, 0.6247, 0.6256, 0.6262, 0.6266, 0.6269, 0.6270, 0.6269, 0.6268, 0.6265, 0.6261, 0.6256, 0.6251, 0.6245, 0.6239]

--- Phase 4 (Pre-Swing + Initial Swing) (Indices: 110 to 162) ---
Hip Left: [-0.5496, -0.5491, -0.5486, -0.5480, -0.5471, -0.5462, -0.5451, -0.5436, -0.5416, -0.5391, -0.5361, -0.5325, -0.5284, -0.5234, -0.5181, -0.5122, -0.5055, -0.4983, -0.4905, -0.4827, -0.4745, -0.4659, -0.4571, -0.4478, -0.4382, -0.4287, -0.4187, -0.4088, -0.3986, -0.3887, -0.3792, -0.3702, -0.3619, -0.3540, -0.3468, -0.3400, -0.3340, -0.3283, -0.3232, -0.3182, -0.3134, -0.3087, -0.3040, -0.2994, -0.2946, -0.2897, -0.2847, -0.2796, -0.2745, -0.2694, -0.2642, -0.2589, -0.2536]
Knee Left: [-0.6233, -0.6226, -0.6215, -0.6200, -0.6180, -0.6158, -0.6133, -0.6105, -0.6074, -0.6040, -0.6002, -0.5962, -0.5919, -0.5872, -0.5824, -0.5772, -0.5719, -0.5663, -0.5607, -0.5550, -0.5492, -0.5433, -0.5377, -0.5322, -0.5268, -0.5218, -0.5173, -0.5130, -0.5090, -0.5053, -0.5019, -0.4990, -0.4965, -0.4944, -0.4925, -0.4908, -0.4891, -0.4874, -0.4856, -0.4836, -0.4813, -0.4787, -0.4759, -0.4730, -0.4700, -0.4670, -0.4639, -0.4608, -0.4578, -0.4548, -0.4519, -0.4490, -0.4462]
Hip Right: [0.5496, 0.5491, 0.5486, 0.5480, 0.5471, 0.5462, 0.5451, 0.5436, 0.5416, 0.5391, 0.5361, 0.5325, 0.5284, 0.5234, 0.5181, 0.5122, 0.5055, 0.4983, 0.4905, 0.4827, 0.4745, 0.4659, 0.4571, 0.4478, 0.4382, 0.4287, 0.4187, 0.4088, 0.3986, 0.3887, 0.3792, 0.3702, 0.3619, 0.3540, 0.3468, 0.3400, 0.3340, 0.3283, 0.3232, 0.3182, 0.3134, 0.3087, 0.3040, 0.2994, 0.2946, 0.2897, 0.2847, 0.2796, 0.2745, 0.2694, 0.2642, 0.2589, 0.2536]
Knee Right: [0.6233, 0.6226, 0.6215, 0.6200, 0.6180, 0.6158, 0.6133, 0.6105, 0.6074, 0.6040, 0.6002, 0.5962, 0.5919, 0.5872, 0.5824, 0.5772, 0.5719, 0.5663, 0.5607, 0.5550, 0.5492, 0.5433, 0.5377, 0.5322, 0.5268, 0.5218, 0.5173, -0.5130, -0.5090, -0.5053, -0.5019, -0.4990, -0.4965, -0.4944, -0.4925, -0.4908, -0.4891, -0.4874, -0.4856, -0.4836, -0.4813, -0.4787, -0.4759, -0.4730, -0.4700, -0.4670, -0.4639, -0.4608, -0.4578, -0.4548, -0.4519, -0.4490, -0.4462]

--- Phase 5 (Mid Swing + Terminal Swing) (Indices: 163 to 215) ---
Hip Left: [-0.2483, -0.2431, -0.2378, -0.2325, -0.2272, -0.2217, -0.2159, -0.2104, -0.2052, -0.2001, -0.1949, -0.1895, -0.1843, -0.1793, -0.1742, -0.1691, -0.1640, -0.1587, -0.1534, -0.1478, -0.1423, -0.1370, -0.1321, -0.1276, -0.1235, -0.1197, -0.1166, -0.1141, -0.1121, -0.1105, -0.1091, -0.1077, -0.1062, -0.1044, -0.1026, -0.1009, -0.0991, -0.0975, -0.0963, -0.0955, -0.0949, -0.0946, -0.0946, -0.0949, -0.0954, -0.0961, -0.0971, -0.0984, -0.1000, -0.1017, -0.1037, -0.1058, -0.1081]
Knee Left: [-0.4435, -0.4407, -0.4379, -0.4350, -0.4320, -0.4289, -0.4258, -0.4227, -0.4196, -0.4165, -0.4135, -0.4107, -0.4081, -0.4057, -0.4036, -0.4019, -0.4004, -0.3992, -0.3983, -0.3976, -0.3972, -0.3971, -0.3971, -0.3973, -0.3974, -0.3974, -0.3974, -0.3972, -0.3968, -0.3961, -0.3952, -0.3939, -0.3923, -0.3905, -0.3884, -0.3860, -0.3832, -0.3802, -0.3768, -0.3732, -0.3695, -0.3655, -0.3615, -0.3574, -0.3531, -0.3491, -0.3466, -0.3439, -0.3418, -0.3406, -0.3397, -0.3389, -0.3377]
Hip Right: [0.2483, 0.2431, 0.2378, 0.2325, 0.2272, 0.2217, 0.2159, 0.2104, 0.2052, 0.2001, 0.1949, 0.1895, 0.1843, 0.1793, 0.1742, 0.1691, 0.1640, 0.1587, 0.1534, 0.1478, 0.1423, 0.1370, 0.1321, 0.1276, 0.1235, 0.1197, 0.1166, 0.1141, 0.1121, 0.1105, 0.1091, 0.1077, 0.1062, 0.1044, 0.1026, 0.1009, 0.0991, 0.0975, 0.0963, 0.0955, 0.0949, 0.0946, 0.0946, 0.0949, 0.0954, 0.0961, 0.0971, 0.0984, 0.1000, 0.1017, 0.1037, 0.1058, 0.1081]
Knee Right: [0.4435, 0.4407, 0.4379, 0.4350, 0.4320, 0.4289, 0.4258, 0.4227, 0.4196, 0.4165, 0.4135, 0.4107, 0.4081, 0.4057, 0.4036, 0.4019, 0.4004, 0.3992, 0.3983, 0.3976, 0.3972, 0.3971, 0.3971, 0.3973, 0.3974, 0.3974, 0.3974, 0.3972, 0.3968, 0.3961, 0.3952, 0.3939, 0.3923, 0.3905, 0.3884, 0.3860, 0.3832, 0.3802, 0.3768, 0.3732, 0.3695, 0.3655, 0.3615, 0.3574, 0.3531, 0.3491, 0.3466, 0.3439, 0.3418, 0.3406, 0.3397, 0.3389, 0.3377]


- Combined 5-State Array for Each Motor 


Hip Left Motor: [-0.4457, -0.4467, -0.4467, -0.4461, -0.4452, -0.4442, -0.4416, -0.4384, -0.4351, -0.4317, -0.4279, -0.4230, -0.4170, -0.4097, -0.4012, -0.3918, -0.3822, -0.3727, -0.3629, -0.3532, -0.3438, -0.3344, -0.3255, -0.3172, -0.3101, -0.3049, -0.3005, -0.2970, -0.2934, -0.2898, -0.2868, -0.2843, -0.2825, -0.2818, -0.2820, -0.2831, -0.2853, -0.2882, -0.2917, -0.2961, -0.3013, -0.3069, -0.3129, -0.3190, -0.3255, -0.3315, -0.3377, -0.3440, -0.3503, -0.3564, -0.3621, -0.3671, -0.3712, -0.3746, -0.3776, -0.3807, -0.3838, -0.3872, -0.3908, -0.3948, -0.3990, -0.4035, -0.4086, -0.4139, -0.4192, -0.4243, -0.4290, -0.4332, -0.4371, -0.4414, -0.4455, -0.4497, -0.4540, -0.4580, -0.4623, -0.4665, -0.4705, -0.4746, -0.4788, -0.4831, -0.4870, -0.4908, -0.4947, -0.4984, -0.5020, -0.5057, -0.5090, -0.5126, -0.5160, -0.5192, -0.5227, -0.5260, -0.5292, -0.5323, -0.5351, -0.5376, -0.5401, -0.5422, -0.5442, -0.5460, -0.5473, -0.5484, -0.5492, -0.5498, -0.5501, -0.5504, -0.5505, -0.5504, -0.5502, -0.5500, -0.5496, -0.5491, -0.5486, -0.5480, -0.5471, -0.5462, -0.5451, -0.5436, -0.5416, -0.5391, -0.5361, -0.5325, -0.5284, -0.5234, -0.5181, -0.5122, -0.5055, -0.4983, -0.4905, -0.4827, -0.4745, -0.4659, -0.4571, -0.4478, -0.4382, -0.4287, -0.4187, -0.4088, -0.3986, -0.3887, -0.3792, -0.3702, -0.3619, -0.3540, -0.3468, -0.3400, -0.3340, -0.3283, -0.3232, -0.3182, -0.3134, -0.3087, -0.3040, -0.2994, -0.2946, -0.2897, -0.2847, -0.2796, -0.2745, -0.2694, -0.2642, -0.2589, -0.2536, -0.2483, -0.2431, -0.2378, -0.2325, -0.2272, -0.2217, -0.2159, -0.2104, -0.2052, -0.2001, -0.1949, -0.1895, -0.1843, -0.1793, -0.1742, -0.1691, -0.1640, -0.1587, -0.1534, -0.1478, -0.1423, -0.1370, -0.1321, -0.1276, -0.1235, -0.1197, -0.1166, -0.1141, -0.1121, -0.1105, -0.1091, -0.1077, -0.1062, -0.1044, -0.1026, -0.1009, -0.0991, -0.0975, -0.0963, -0.0955, -0.0949, -0.0946, -0.0946, -0.0949, -0.0954, -0.0961, -0.0971, -0.0984, -0.1000, -0.1017, -0.1037, -0.1058, -0.1081]
Knee Left Motor: [-0.3011, -0.3086, -0.3234, -0.3309, -0.3456, -0.3619, -0.3753, -0.3907, -0.4053, -0.4192, -0.4323, -0.4452, -0.4573, -0.4688, -0.4795, -0.4891, -0.4984, -0.5065, -0.5135, -0.5195, -0.5239, -0.5280, -0.5310, -0.5330, -0.5342, -0.5345, -0.5346, -0.5334, -0.5319, -0.5302, -0.5282, -0.5263, -0.5246, -0.5234, -0.5226, -0.5224, -0.5225, -0.5233, -0.5243, -0.5259, -0.5278, -0.5301, -0.5327, -0.5355, -0.5386, -0.5416, -0.5445, -0.5472, -0.5496, -0.5516, -0.5532, -0.5544, -0.5552, -0.5556, -0.5560, -0.5562, -0.5565, -0.5570, -0.5578, -0.5588, -0.5601, -0.5617, -0.5636, -0.5657, -0.5681, -0.5705, -0.5729, -0.5752, -0.5772, -0.5788, -0.5801, -0.5810, -0.5815, -0.5820, -0.5825, -0.5829, -0.5834, -0.5839, -0.5847, -0.5857, -0.5870, -0.5885, -0.5905, -0.5927, -0.5952, -0.5978, -0.6008, -0.6038, -0.6069, -0.6099, -0.6128, -0.6155, -0.6180, -0.6201, -0.6220, -0.6236, -0.6247, -0.6256, -0.6262, -0.6266, -0.6269, -0.6270, -0.6269, -0.6268, -0.6265, -0.6261, -0.6256, -0.6251, -0.6245, -0.6239, -0.6233, -0.6226, -0.6215, -0.6200, -0.6180, -0.6158, -0.6133, -0.6105, -0.6074, -0.6040, -0.6002, -0.5962, -0.5919, -0.5872, -0.5824, -0.5772, -0.5719, -0.5663, -0.5607, -0.5550, -0.5492, -0.5433, -0.5377, -0.5322, -0.5268, -0.5218, -0.5173, -0.5130, -0.5090, -0.5053, -0.5019, -0.4990, -0.4965, -0.4944, -0.4925, -0.4908, -0.4891, -0.4874, -0.4856, -0.4836, -0.4813, -0.4787, -0.4759, -0.4730, -0.4700, -0.4670, -0.4639, -0.4608, -0.4578, -0.4548, -0.4519, -0.4490, -0.4462, -0.4435, -0.4407, -0.4379, -0.4350, -0.4320, -0.4289, -0.4258, -0.4227, -0.4196, -0.4165, -0.4135, -0.4107, -0.4081, -0.4057, -0.4036, -0.4019, -0.4004, -0.3992, -0.3983, -0.3976, -0.3972, -0.3971, -0.3971, -0.3973, -0.3974, -0.3974, -0.3974, -0.3972, -0.3968, -0.3961, -0.3952, -0.3939, -0.3923, -0.3905, -0.3884, -0.3860, -0.3832, -0.3802, -0.3768, -0.3732, -0.3695, -0.3655, -0.3615, -0.3574, -0.3531, -0.3491, -0.3466, -0.3439, -0.3418, -0.3406, -0.3397, -0.3389, -0.3377]
Hip Right Motor: [0.4457, 0.4467, 0.4467, 0.4461, 0.4452, 0.4442, 0.4416, 0.4384, 0.4351, 0.4317, 0.4279, 0.4230, 0.4170, 0.4097, 0.4012, 0.3918, 0.3822, 0.3727, 0.3629, 0.3532, 0.3438, 0.3344, 0.3255, 0.3172, 0.3101, 0.3049, 0.3005, 0.2970, 0.2934, 0.2898, 0.2868, 0.2843, 0.2825, 0.2818, 0.2820, 0.2831, 0.2853, 0.2882, 0.2917, 0.2961, 0.3013, 0.3069, 0.3129, 0.3190, 0.3255, 0.3315, 0.3377, 0.3440, 0.3503, 0.3564, 0.3621, 0.3671, 0.3712, 0.3746, 0.3776, 0.3807, 0.3838, 0.3872, 0.3908, 0.3948, 0.3990, 0.4035, 0.4086, 0.4139, 0.4192, 0.4243, 0.4290, 0.4332, 0.4371, 0.4414, 0.4455, 0.4497, 0.4540, 0.4580, 0.4623, 0.4665, 0.4705, 0.4746, 0.4788, 0.4831, 0.4870, 0.4908, 0.4947, 0.4984, 0.5020, 0.5057, 0.5090, 0.5126, 0.5160, 0.5192, 0.5227, 0.5260, 0.5292, 0.5323, 0.5351, 0.5376, 0.5401, 0.5422, 0.5442, 0.5460, 0.5473, 0.5484, 0.5492, 0.5498, 0.5501, 0.5504, 0.5505, 0.5504, 0.5502, 0.5500, 0.5496, 0.5491, 0.5486, 0.5480, 0.5471, 0.5462, 0.5451, 0.5436, 0.5416, 0.5391, 0.5361, 0.5325, 0.5284, 0.5234, 0.5181, 0.5122, 0.5055, 0.4983, 0.4905, 0.4827, 0.4745, 0.4659, 0.4571, 0.4478, 0.4382, 0.4287, 0.4187, 0.4088, 0.3986, 0.3887, 0.3792, 0.3702, 0.3619, 0.3540, 0.3468, 0.3400, 0.3340, 0.3283, 0.3232, 0.3182, 0.3134, 0.3087, 0.3040, 0.2994, 0.2946, 0.2897, 0.2847, 0.2796, 0.2745, 0.2694, 0.2642, 0.2589, 0.2536, 0.2483, 0.2431, 0.2378, 0.2325, 0.2272, 0.2217, 0.2159, 0.2104, 0.2052, 0.2001, 0.1949, 0.1895, 0.1843, 0.1793, 0.1742, 0.1691, 0.1640, 0.1587, 0.1534, 0.1478, 0.1423, 0.1370, 0.1321, 0.1276, 0.1235, 0.1197, 0.1166, 0.1141, 0.1121, 0.1105, 0.1091, 0.1077, 0.1062, 0.1044, 0.1026, 0.1009, 0.0991, 0.0975, 0.0963, 0.0955, 0.0949, 0.0946, 0.0946, 0.0949, 0.0954, 0.0961, 0.0971, 0.0984, 0.1000, 0.1017, 0.1037, 0.1058, 0.1081]
Knee Right Motor: [0.3011, 0.3086, 0.3234, 0.3309, 0.3456, 0.3619, 0.3753, 0.3907, 0.4053, 0.4192, 0.4323, 0.4452, 0.4573, 0.4688, 0.4795, 0.4891, 0.4984, 0.5065, 0.5135, 0.5195, 0.5239, 0.5280, 0.5310, 0.5330, 0.5342, 0.5345, 0.5346, 0.5334, 0.5319, 0.5302, 0.5282, 0.5263, 0.5246, 0.5234, 0.5226, 0.5224, 0.5225, 0.5233, 0.5243, 0.5259, 0.5278, 0.5301, 0.5327, 0.5355, 0.5386, 0.5416, 0.5445, 0.5472, 0.5496, 0.5516, 0.5532,